# TSP Medium Instance — 8 cities
# Format: first line = n_cities, second line = city names, then distance matrix
8
A B C D E F G H
0 12 10 19 8 14 22 18
12 0 3 7 6 20 15 9
10 3 0 2 20 11 13 16
19 7 2 0 4 15 8 21
8 6 20 4 0 17 11 5
14 20 11 15 17 0 6 23
22 15 13 8 11 6 0 10
18 9 16 21 5 23 10 0
